[[-0.89226358 -1.8444135   2.32256652 -2.11479889  1.05774157 -0.60577031
   0.64483496  4.83144248  5.29123156 -2.4124579 ]
 [-0.67883111 -1.96292439 -4.06322249  3.22198151  0.53481894  1.64916229
  -0.20810713 -3.79226523  5.2842651   1.28370839]]
[[ 2.12092223]
 [ 3.43441643]
 [ 4.1277005 ]
 [-3.65534978]
 [-0.23810521]
 [-1.63717603]
 [-0.24926226]
 [-6.24120489]
 [ 6.95005657]
 [ 1.70891734]]
[[ 0.74949272  2.87449005 -0.96478654  1.14373782  0.21762914  0.49579613
   0.13539425  1.91395122 -1.89503239 -0.74223249]]
[[-1.58992417]]
